211 36
212 36
213 36
214 36
215 36
216 36
217 36
218 36
219 36
220 36
221 36
222 36
223 36
227 36
228 36
229 36
209 37
210 37
211 37
216 37
224 37
225 37
226 37
230 37
231 37
59 38
60 38
61 38
208 38
211 38
217 38
223 38
224 38
225 38
226 38
227 38
231 38
62 39
207 39
211 39
217 39
221 39
222 39
228 39
229 39
230 39
232 39
63 40
207 40
211 40
218 40
219 40
221 40
231 40
232 40
233 40
54 41
55 41
56 41
57 41
58 41
59 41
60 41
61 41
62 41
63 41
64 41
206 41
211 41
220 41
221 41
233 41
52 42
53 42
59 42
60 42
65 42
66 42
206 42
209 42
210 42
211 42
212 42
213 42
214 42
215 42
216 42
217 42
218 42
219 42
220 42
221 42
233 42
234 42
49 43
50 43
51 43
54 43
59 43
65 43
67 43
68 43
203 43
204 43
205 43
206 43
207 43
208 43
209 43
210 43
211 43
221 43
233 43
234 43
49 44
53 44
55 44
56 44
59 44
65 44
69 44
203 44
205 44
209 44
211 44
212 44
221 44
222 44
223 44
233 44
235 44
49 45
53 45
54 45
55 45
56 45
57 45
58 45
59 45
60 45
61 45
62 45
63 45
64 45
65 45
66 45
70 45
202 45
205 45
209 45
211 45
213 45
222 45
224 45
233 45
235 45
48 46
49 46
50 46
51 46
52 46
53 46
57 46
58 46
59 46
60 46
61 46
65 46
66 46
67 46
70 46
202 46
205 46
209 46
211 46
214 46
222 46
225 46
233 46
236 46
47 47
48 47
49 47
50 47
53 47
57 47
58 47
59 47
60 47
61 47
62 47
63 47
64 47
65 47
66 47
68 47
71 47
202 47
205 47
209 47
211 47
215 47
223 47
226 47
227 47
233 47
236 47
237 47
47 48
49 48
51 48
53 48
56 48
57 48
58 48
60 48
61 48
64 48
65 48
66 48
68 48
72 48
202 48
205 48
209 48
211 48
216 48
223 48
228 48
233 48
238 48
47 49
49 49
52 49
53 49
55 49
57 49
58 49
61 49
62 49
64 49
65 49
66 49
68 49
73 49
202 49
205 49
209 49
211 49
217 49
223 49
228 49
233 49
238 49
47 50
49 50
54 50
55 50
57 50
58 50
61 50
62 50
64 50
65 50
66 50
68 50
73 50
202 50
205 50
210 50
211 50
217 50
223 50
228 50
232 50
238 50
47 51
49 51
54 51
55 51
62 51
63 51
64 51
66 51
68 51
74 51
202 51
205 51
210 51
211 51
218 51
223 51
228 51
232 51
238 51
47 52
49 52
55 52
62 52
63 52
64 52
66 52
68 52
74 52
202 52
205 52
211 52
212 52
218 52
223 52
228 52
231 52
238 52
47 53
48 53
50 53
55 53
56 53
59 53
60 53
61 53
62 53
63 53
64 53
66 53
68 53
74 53
202 53
206 53
211 53
212 53
213 53
214 53
215 53
216 53
217 53
218 53
219 53
220 53
221 53
222 53
223 53
224 53
225 53
226 53
228 53
230 53
238 53
47 54
48 54
50 54
56 54
57 54
58 54
62 54
64 54
66 54
68 54
74 54
202 54
206 54
210 54
211 54
212 54
213 54
220 54
223 54
226 54
228 54
229 54
237 54
47 55
49 55
50 55
56 55
57 55
62 55
64 55
65 55
66 55
68 55
75 55
202 55
206 55
207 55
208 55
209 55
212 55
214 55
220 55
223 55
226 55
227 55
228 55
236 55
48 56
49 56
50 56
57 56
58 56
59 56
60 56
61 56
62 56
64 56
65 56
66 56
68 56
75 56
202 56
205 56
206 56
207 56
213 56
214 56
215 56
216 56
217 56
218 56
219 56
220 56
221 56
222 56
223 56
224 56
225 56
226 56
228 56
236 56
49 57
50 57
51 57
64 57
65 57
66 57
68 57
75 57
202 57
203 57
204 57
208 57
209 57
214 57
221 57
223 57
227 57
235 57
50 58
51 58
64 58
66 58
68 58
75 58
202 58
204 58
205 58
210 58
211 58
212 58
213 58
214 58
220 58
221 58
222 58
227 58
232 58
233 58
234 58
51 59
52 59
53 59
54 59
63 59
64 59
67 59
68 59
75 59
202 59
206 59
207 59
208 59
209 59
210 59
211 59
212 59
213 59
214 59
215 59
216 59
217 59
218 59
219 59
220 59
221 59
222 59
223 59
224 59
225 59
226 59
227 59
228 59
229 59
230 59
231 59
51 60
52 60
53 60
54 60
55 60
56 60
57 60
58 60
59 60
60 60
61 60
62 60
64 60
68 60
69 60
70 60
71 60
72 60
73 60
74 60
202 60
221 60
52 61
55 61
56 61
57 61
63 61
68 61
202 61
221 61
52 62
58 62
59 62
60 62
61 62
62 62
68 62
202 62
221 62
53 63
68 63
202 63
221 63
53 64
68 64
202 64
221 64
54 65
67 65
202 65
220 65
54 66
66 66
202 66
220 66
55 67
65 67
202 67
219 67
56 68
57 68
58 68
59 68
60 68
61 68
62 68
63 68
64 68
203 68
218 68
203 69
217 69
204 70
216 70
204 71
214 71
215 71
205 72
206 72
207 72
208 72
209 72
210 72
211 72
212 72
213 72
97 133
98 133
99 133
100 133
101 133
102 133
103 133
104 133
105 133
106 133
107 133
108 133
109 133
110 133
111 133
112 133
113 133
114 133
115 133
116 133
117 133
118 133
119 133
120 133
121 133
122 133
123 133
124 133
125 133
126 133
127 133
128 133
129 133
130 133
131 133
132 133
133 133
134 133
135 133
136 133
137 133
91 134
92 134
93 134
94 134
95 134
96 134
137 134
88 135
89 135
90 135
138 135
77 136
78 136
79 136
80 136
81 136
82 136
83 136
84 136
85 136
86 136
87 136
139 136
140 136
77 137
140 137
74 138
75 138
76 138
140 138
141 138
73 139
127 139
128 139
129 139
130 139
131 139
132 139
133 139
134 139
142 139
66 140
72 140
73 140
90 140
91 140
92 140
93 140
94 140
95 140
96 140
97 140
98 140
99 140
100 140
101 140
102 140
103 140
104 140
105 140
106 140
107 140
108 140
109 140
110 140
111 140
112 140
113 140
114 140
115 140
116 140
117 140
118 140
119 140
120 140
121 140
122 140
123 140
124 140
125 140
126 140
135 140
136 140
142 140
66 141
70 141
71 141
86 141
87 141
88 141
89 141
136 141
137 141
138 141
143 141
66 142
69 142
70 142
76 142
77 142
78 142
79 142
80 142
81 142
82 142
83 142
84 142
85 142
138 142
144 142
66 143
69 143
71 143
72 143
73 143
74 143
75 143
138 143
139 143
144 143
66 144
69 144
70 144
71 144
139 144
140 144
144 144
66 145
67 145
68 145
69 145
70 145
141 145
145 145
66 146
67 146
68 146
141 146
142 146
146 146
66 147
67 147
142 147
146 147
65 148
66 148
67 148
142 148
147 148
64 149
65 149
66 149
67 149
143 149
147 149
64 150
66 150
67 150
144 150
148 150
63 151
66 151
67 151
144 151
148 151
63 152
66 152
67 152
144 152
148 152
62 153
63 153
66 153
144 153
148 153
62 154
66 154
145 154
148 154
62 155
66 155
145 155
148 155
62 156
66 156
145 156
149 156
62 157
66 157
145 157
149 157
62 158
66 158
146 158
149 158
62 159
66 159
146 159
149 159
62 160
66 160
146 160
147 160
149 160
62 161
66 161
147 161
149 161
62 162
66 162
147 162
149 162
62 163
66 163
147 163
150 163
62 164
66 164
148 164
150 164
62 165
66 165
148 165
150 165
62 166
66 166
148 166
150 166
62 167
66 167
148 167
150 167
62 168
66 168
148 168
150 168
62 169
66 169
148 169
150 169
62 170
66 170
148 170
150 170
62 171
66 171
148 171
150 171
63 172
66 172
148 172
150 172
63 173
66 173
148 173
150 173
63 174
66 174
148 174
150 174
63 175
66 175
148 175
150 175
63 176
66 176
97 176
98 176
99 176
100 176
101 176
102 176
103 176
104 176
105 176
106 176
107 176
108 176
109 176
110 176
148 176
150 176
64 177
66 177
94 177
95 177
96 177
110 177
111 177
148 177
150 177
64 178
67 178
93 178
106 178
107 178
108 178
109 178
110 178
111 178
112 178
113 178
114 178
115 178
116 178
117 178
148 178
150 178
64 179
67 179
90 179
91 179
92 179
104 179
105 179
106 179
107 179
108 179
111 179
117 179
148 179
150 179
64 180
67 180
90 180
103 180
104 180
108 180
109 180
111 180
117 180
118 180
148 180
151 180
64 181
67 181
90 181
103 181
109 181
110 181
111 181
119 181
148 181
151 181
64 182
67 182
90 182
103 182
110 182
111 182
112 182
113 182
114 182
115 182
116 182
117 182
118 182
119 182
148 182
151 182
64 183
67 183
90 183
97 183
98 183
100 183
101 183
102 183
103 183
104 183
105 183
106 183
107 183
108 183
109 183
110 183
111 183
112 183
113 183
116 183
118 183
119 183
148 183
152 183
64 184
68 184
90 184
94 184
95 184
96 184
97 184
98 184
99 184
100 184
101 184
102 184
103 184
106 184
107 184
108 184
109 184
110 184
111 184
112 184
116 184
118 184
119 184
148 184
152 184
64 185
68 185
90 185
94 185
97 185
99 185
100 185
101 185
103 185
104 185
106 185
107 185
108 185
109 185
110 185
111 185
112 185
113 185
116 185
119 185
148 185
152 185
64 186
68 186
90 186
94 186
97 186
98 186
100 186
101 186
102 186
103 186
104 186
105 186
106 186
107 186
108 186
109 186
110 186
111 186
112 186
113 186
114 186
116 186
119 186
148 186
152 186
65 187
68 187
90 187
94 187
95 187
97 187
99 187
100 187
103 187
104 187
105 187
106 187
108 187
109 187
110 187
111 187
112 187
113 187
114 187
115 187
117 187
119 187
120 187
148 187
152 187
65 188
68 188
91 188
95 188
97 188
99 188
100 188
101 188
102 188
103 188
104 188
106 188
108 188
110 188
111 188
112 188
113 188
115 188
117 188
119 188
120 188
148 188
152 188
66 189
68 189
92 189
96 189
97 189
100 189
101 189
103 189
104 189
105 189
106 189
108 189
110 189
111 189
112 189
113 189
116 189
117 189
119 189
120 189
148 189
152 189
66 190
68 190
93 190
97 190
102 190
103 190
104 190
105 190
106 190
107 190
108 190
109 190
110 190
111 190
112 190
113 190
117 190
118 190
120 190
148 190
152 190
66 191
69 191
94 191
97 191
98 191
99 191
103 191
104 191
106 191
107 191
108 191
110 191
111 191
112 191
113 191
117 191
120 191
148 191
152 191
66 192
69 192
95 192
97 192
100 192
101 192
102 192
103 192
104 192
105 192
106 192
107 192
108 192
109 192
110 192
111 192
112 192
113 192
114 192
115 192
116 192
117 192
120 192
148 192
152 192
66 193
70 193
96 193
97 193
101 193
102 193
104 193
105 193
106 193
107 193
108 193
109 193
110 193
111 193
112 193
116 193
117 193
119 193
120 193
148 193
152 193
66 194
71 194
98 194
99 194
100 194
101 194
105 194
106 194
107 194
108 194
109 194
113 194
114 194
115 194
117 194
119 194
148 194
152 194
67 195
71 195
99 195
100 195
101 195
102 195
103 195
104 195
105 195
106 195
107 195
108 195
109 195
110 195
111 195
112 195
113 195
114 195
115 195
116 195
117 195
118 195
148 195
152 195
67 196
71 196
148 196
152 196
67 197
71 197
148 197
152 197
67 198
71 198
148 198
152 198
67 199
72 199
148 199
152 199
67 200
73 200
148 200
152 200
67 201
73 201
148 201
152 201
68 202
73 202
148 202
152 202
69 203
74 203
148 203
152 203
69 204
74 204
148 204
152 204
69 205
75 205
148 205
152 205
69 206
75 206
76 206
148 206
152 206
70 207
76 207
148 207
152 207
71 208
76 208
148 208
152 208
72 209
77 209
148 209
152 209
72 210
78 210
148 210
152 210
73 211
78 211
148 211
152 211
73 212
78 212
148 212
152 212
74 213
78 213
79 213
148 213
152 213
75 214
79 214
148 214
152 214
76 215
79 215
148 215
151 215
76 216
80 216
148 216
151 216
76 217
81 217
148 217
150 217
77 218
81 218
148 218
149 218
78 219
81 219
148 219
149 219
78 220
82 220
83 220
148 220
149 220
79 221
84 221
148 221
79 222
84 222
147 222
148 222
79 223
84 223
147 223
148 223
80 224
84 224
146 224
148 224
81 225
84 225
144 225
145 225
148 225
82 226
85 226
143 226
148 226
82 227
86 227
143 227
148 227
232 227
233 227
234 227
235 227
236 227
237 227
238 227
239 227
240 227
241 227
242 227
83 228
86 228
142 228
148 228
229 228
230 228
231 228
243 228
84 229
86 229
87 229
141 229
147 229
228 229
243 229
244 229
85 230
86 230
88 230
139 230
140 230
147 230
225 230
226 230
227 230
245 230
87 231
88 231
138 231
145 231
146 231
225 231
245 231
87 232
89 232
137 232
141 232
142 232
143 232
144 232
224 232
225 232
234 232
235 232
236 232
237 232
238 232
246 232
88 233
89 233
137 233
138 233
139 233
140 233
141 233
224 233
232 233
233 233
238 233
246 233
90 234
113 234
114 234
115 234
116 234
117 234
118 234
119 234
120 234
121 234
122 234
123 234
124 234
125 234
126 234
127 234
128 234
129 234
130 234
131 234
132 234
133 234
134 234
135 234
136 234
137 234
223 234
224 234
231 234
239 234
246 234
90 235
91 235
108 235
109 235
110 235
111 235
112 235
134 235
135 235
222 235
223 235
224 235
225 235
226 235
227 235
228 235
229 235
230 235
231 235
232 235
233 235
234 235
235 235
236 235
237 235
238 235
239 235
240 235
246 235
91 236
92 236
104 236
105 236
106 236
107 236
133 236
220 236
221 236
230 236
240 236
241 236
242 236
243 236
246 236
92 237
101 237
102 237
103 237
104 237
132 237
218 237
219 237
229 237
240 237
244 237
246 237
93 238
99 238
100 238
101 238
130 238
131 238
216 238
217 238
227 238
228 238
229 238
230 238
231 238
232 238
233 238
234 238
235 238
236 238
237 238
238 238
239 238
240 238
245 238
246 238
94 239
95 239
96 239
97 239
98 239
99 239
129 239
215 239
225 239
226 239
229 239
240 239
241 239
242 239
246 239
95 240
128 240
215 240
222 240
223 240
224 240
225 240
226 240
227 240
228 240
229 240
230 240
231 240
232 240
233 240
234 240
240 240
243 240
246 240
247 240
96 241
127 241
215 241
221 241
222 241
223 241
224 241
229 241
235 241
236 241
240 241
244 241
246 241
248 241
97 242
98 242
99 242
125 242
126 242
215 242
220 242
221 242
222 242
224 242
229 242
237 242
240 242
245 242
246 242
248 242
99 243
100 243
101 243
102 243
103 243
104 243
105 243
106 243
107 243
108 243
109 243
110 243
111 243
112 243
113 243
114 243
115 243
116 243
117 243
118 243
119 243
120 243
121 243
122 243
123 243
124 243
215 243
220 243
221 243
222 243
224 243
229 243
238 243
240 243
246 243
249 243
215 244
220 244
221 244
222 244
224 244
225 244
229 244
239 244
240 244
245 244
246 244
249 244
215 245
220 245
221 245
223 245
225 245
229 245
240 245
245 245
246 245
249 245
215 246
220 246
221 246
223 246
229 246
240 246
244 246
246 246
249 246
215 247
220 247
221 247
223 247
229 247
240 247
242 247
243 247
246 247
249 247
215 248
221 248
223 248
230 248
240 248
241 248
246 248
249 248
216 249
221 249
224 249
225 249
231 249
239 249
240 249
246 249
249 249
216 250
221 250
226 250
231 250
238 250
240 250
246 250
249 250
216 251
221 251
222 251
226 251
232 251
235 251
236 251
237 251
239 251
240 251
246 251
249 251
217 252
221 252
223 252
226 252
227 252
231 252
232 252
233 252
234 252
238 252
239 252
246 252
247 252
248 252
218 253
219 253
220 253
221 253
222 253
223 253
224 253
225 253
226 253
227 253
228 253
229 253
230 253
231 253
232 253
233 253
234 253
235 253
236 253
237 253
238 253
239 253
240 253
241 253
242 253
243 253
244 253
245 253
246 253
223 254
224 254
225 254
226 254
227 254
228 254
229 254
230 254
231 254
232 254
233 254
234 254
235 254
236 254
237 254
238 254
239 254
240 254
241 254
242 254
243 254
224 255
234 255
225 256
226 256
227 256
228 256
229 256
230 256
231 256
232 256
233 256
